Written on 2019-05-05 14:17:46.144464

0. [29.         46.         26.03779917  2.        ]
1. [21.        23.        26.3631918  2.       ]
2. [28.         40.         29.61877097  2.        ]
3. [ 4.         47.         32.99861307  2.        ]
4. [ 1.         34.         33.54862351  2.        ]
5. [ 9.         52.         39.13654514  3.        ]
6. [33.         48.         39.29062219  2.        ]
7. [10.         51.         43.33978156  3.        ]
8. [15.         16.         44.70461905  2.        ]
9. [14.         27.         51.15891211  2.        ]
10. [ 5.         53.         53.57451804  3.        ]
11. [50.         55.         54.15482452  5.        ]
12. [25.         49.         61.97636337  2.        ]
13. [ 8.         44.         64.02629675  2.        ]
14. [ 2.         58.         65.16613468  3.        ]
15. [54.         59.         66.65054022  4.        ]
16. [26.         42.         69.94212284  2.        ]
17. [ 7.         12.         71.34986313  2.        ]
18. [13.         56.         71.64845949  3.        ]
19. [36.         37.         75.20749005  2.        ]
20. [18.         64.         75.82511563  4.        ]
21. [57.        65.        82.6498869  7.       ]
22. [ 3.         35.         85.53773258  2.        ]
23. [60.       61.       90.941316  8.      ]
24. [24.         45.         92.67827924  2.        ]
25. [17.        39.        95.9144707  2.       ]
26. [  0.          38.         101.58752384   2.        ]
27. [ 41.          62.         112.19643436   3.        ]
28. [ 63.          73.         113.12915766  10.        ]
29. [ 30.          75.         121.30653264   3.        ]
30. [ 19.          43.         123.41818028   2.        ]
31. [ 66.          69.         123.73631159   4.        ]
32. [ 67.          74.         125.86084474   4.        ]
33. [ 11.          32.         143.50490113   2.        ]
34. [  6.         68.        153.5659323   4.       ]
35. [ 71.          81.         170.71027171  11.        ]
36. [ 70.          82.         181.44933715   8.        ]
37. [ 78.          85.         186.94554011  21.        ]
38. [ 72.          84.         196.58468242   6.        ]
39. [ 76.         83.        210.4521368   4.       ]
40. [ 80.          86.         228.93125978  10.        ]
41. [ 31.          88.         229.76111139   7.        ]
42. [ 77.          79.         232.21978793   6.        ]
43. [ 20.          22.         288.00193177   2.        ]
44. [ 87.          90.         373.18691308  31.        ]
45. [ 92.         93.        411.2712691   8.       ]
46. [ 89.          91.         439.50511157  11.        ]
47. [ 94.          96.         584.66590397  42.        ]
48. [ 95.          97.         840.38527966  50.        ]

cluster_idxs: [50, 61, 68, 71, 70, 78, 72, 76, 77, 79, 87, 90, 89, 91, 95]

mean_lables:
(30, 47)
((30, 47), (10, (29, 41)))
(14, (34, 49))
((11, (21, 23)), ((1, 34), (14, 27)))
(19, (2, (15, 16)))
((9, 44), ((5, (4, 47)), ((29, 46), (9, (28, 40)))))
(3, 35)
(0, 38)
(41, (25, 49))
(30, (17, 39))
(((8, 44), ((5, (4, 47)), ((29, 46), (9, (28, 40))))), (((10, (21, 23)), ((1, 34), (14, 27))), ((26, 42), (36, 37))))
((19, 43), ((18, (2, (15, 16))), ((7, 12), (24, 45))))
((0, 38), (11, 32))
(31, ((3, 35), (6, (13, (33, 48)))))
(((41, (25, 49)), (30, (17, 39))), (20, 22))

mean_num_children:
[2, 5, 3, 7, 4, 10, 2, 2, 3, 3, 21, 10, 4, 7, 8]
Written on 2019-05-05 14:17:46.295102

0. [29.         46.         26.03779917  2.        ]
1. [21.        23.        26.3631918  2.       ]
2. [28.         40.         29.61877097  2.        ]
3. [ 4.         47.         32.99861307  2.        ]
4. [ 1.         34.         33.54862351  2.        ]
5. [ 9.         52.         39.13654514  3.        ]
6. [33.         48.         39.29062219  2.        ]
7. [10.         51.         43.33978156  3.        ]
8. [15.         16.         44.70461905  2.        ]
9. [14.         27.         51.15891211  2.        ]
10. [ 5.         53.         53.57451804  3.        ]
11. [50.         55.         54.15482452  5.        ]
12. [25.         49.         61.97636337  2.        ]
13. [ 8.         44.         64.02629675  2.        ]
14. [ 2.         58.         65.16613468  3.        ]
15. [54.         59.         66.65054022  4.        ]
16. [26.         42.         69.94212284  2.        ]
17. [ 7.         12.         71.34986313  2.        ]
18. [13.         56.         71.64845949  3.        ]
19. [36.         37.         75.20749005  2.        ]
20. [18.         64.         75.82511563  4.        ]
21. [57.        65.        82.6498869  7.       ]
22. [ 3.         35.         85.53773258  2.        ]
23. [60.       61.       90.941316  8.      ]
24. [24.         45.         92.67827924  2.        ]
25. [17.        39.        95.9144707  2.       ]
26. [  0.          38.         101.58752384   2.        ]
27. [ 41.          62.         112.19643436   3.        ]
28. [ 63.          73.         113.12915766  10.        ]
29. [ 30.          75.         121.30653264   3.        ]
30. [ 19.          43.         123.41818028   2.        ]
31. [ 66.          69.         123.73631159   4.        ]
32. [ 67.          74.         125.86084474   4.        ]
33. [ 11.          32.         143.50490113   2.        ]
34. [  6.         68.        153.5659323   4.       ]
35. [ 71.          81.         170.71027171  11.        ]
36. [ 70.          82.         181.44933715   8.        ]
37. [ 78.          85.         186.94554011  21.        ]
38. [ 72.          84.         196.58468242   6.        ]
39. [ 76.         83.        210.4521368   4.       ]
40. [ 80.          86.         228.93125978  10.        ]
41. [ 31.          88.         229.76111139   7.        ]
42. [ 77.          79.         232.21978793   6.        ]
43. [ 20.          22.         288.00193177   2.        ]
44. [ 87.          90.         373.18691308  31.        ]
45. [ 92.         93.        411.2712691   8.       ]
46. [ 89.          91.         439.50511157  11.        ]
47. [ 94.          96.         584.66590397  42.        ]
48. [ 95.          97.         840.38527966  50.        ]

cluster_idxs: [50 61 68 71 70 72 76 77 79 90 89 91 95]

mean_lables:
{[30 47]}
{[(30, 47) (10, (29, 41))]}
{[14 (34, 49)]}
{[(11, (22, 24)) ((2, 35), (15, 28))]}
{[19 (3, (16, 17))]}
{[4 36]}
{[1 39]}
{[42 (26, 50)]}
{[(20, 44) ((19, (3, (16, 17))), ((8, 13), (25, 46)))]}
{[31 (18, 40)]}
{[(1, 39) (12, 33)]}
{[32 ((4, 36), (7, (14, (34, 49))))]}
{[((42, (26, 50)), (31, (18, 40))) (21, 23)]}

mean_num_children:
[ 2  5  3  7  4  2  2  3  3 10  4  7  8]

num clusters deleted: 2
